place(10, 1.000, 10, "Trapper", 500)
place(2.814, 1.000, 2.860, "Trapper", 500)
place(-2.613, 1.000, 2.688, "Trapper", 500)
place(-2.750, 1.000, -2.725, "Trapper", 500)
place(2.681, 1.000, -2.545, "Trapper", 500)
place(2.681, 1.000, -2.545, "Trapper", 500)
place(2.681, 1.000, -2.545, "Trapper", 500)
place(8.296, 1.000, 14.204, "Shotgunner", 1850)
upgrade(8.296, 2.350, 14.204, 400)
upgrade(8.296, 2.350, 14.204, 1500)
place(8.296, 1.000, 14.204, "Shotgunner", 1850)
upgrade(8.296, 2.350, 14.204, 400)
upgrade(8.296, 2.350, 14.204, 1500)
place(8.296, 1.000, 14.204, "Shotgunner", 1850)
upgrade(8.296, 2.350, 14.204, 400)
upgrade(8.296, 2.350, 14.204, 1500)
place(8.296, 1.000, 14.204, "Shotgunner", 1850)
upgrade(8.296, 2.350, 14.204, 400)
upgrade(8.296, 2.350, 14.204, 1500)